1	1549573860
2	1549573860
3	1549573860
4	1549573860
5	1549573860
6	1549573859
7	1549573860
8	1549573860
9	1549573860
10	1549573861
11	1549573861
12	1549573861
13	1549573860
14	1549573861
15	1549573860
16	1549573861
17	1549573861
18	1549573862
19	1549573863
20	1549573862
21	1549573861
22	1549573862
23	1549573862
24	1549573862
25	1549573862
26	1549573862
27	1549573863
28	1549573863
29	1549573863
30	1549573863
31	1549573863
32	1549573864
33	1549573863
34	1549573864
35	1549573863
36	1549573863
37	1549573864
38	1549573864
39	1549573864
40	1549573865
41	1549573865
42	1549573864
43	1549573863
44	1549573865
45	1549573865
46	1549573865
47	1549573864
48	1549573865
49	1549573865
50	1549573864
51	1549573865
52	1549573865
53	1549573865
54	1549573866
55	1549573866
56	1549573865
57	1549573867
58	1549573866
59	1549573867
60	1549573865
61	1549573866
62	1549573866
63	1549573866
64	1549573867
65	1549573867
66	1549573868
67	1549573867
68	1549573867
69	1549573868
70	1549573868
71	1549573867
72	1549573867
73	1549573868
74	1549573869
75	1549573868
76	1549573868
77	1549573869
78	1549573868
79	1549573868
80	1549573868
81	1549573869
82	1549573870
83	1549573869
84	1549573869
85	1549573870
86	1549573870
87	1549573869
88	1549573869
89	1549573869
90	1549573869
91	1549573870
92	1549573870
93	1549573870
94	1549573870
95	1549573869
96	1549573869
97	1549573870
98	1549573869
99	1549573870
100	1549573871
101	1549573871
102	1549573871
103	1549573871
104	1549573871
105	1549573870
106	1549573872
107	1549573870
108	1549573872
109	1549573872
110	1549573873
111	1549573872
112	1549573873
113	1549573872
114	1549573873
115	1549573872
116	1549573872
117	1549573872
118	1549573873
119	1549573873
120	1549573873
121	1549573873
122	1549573873
123	1549573873
124	1549573873
125	1549573872
126	1549573872
127	1549573874
128	1549573874
129	1549573875
130	1549573874
131	1549573874
132	1549573874
133	1549573874
134	1549573873
135	1549573874
136	1549573875
137	1549573875
138	1549573875
139	1549573875
140	1549573874
141	1549573874
142	1549573875
143	1549573876
144	1549573875
145	1549573877
146	1549573877
147	1549573875
148	1549573876
149	1549573876
150	1549573876
151	1549573876
152	1549573876
153	1549573876
154	1549573877
155	1549573876
156	1549573877
157	1549573877
158	1549573878
159	1549573877
160	1549573878
161	1549573876
162	1549573877
163	1549573878
164	1549573879
165	1549573878
166	1549573879
167	1549573877
168	1549573877
169	1549573878
170	1549573878
171	1549573878
172	1549573878
173	1549573880
174	1549573880
175	1549573878
176	1549573879
177	1549573879
178	1549573879
179	1549573880
180	1549573879
181	1549573881
182	1549573880
183	1549573880
184	1549573881
185	1549573880
186	1549573880
187	1549573880
188	1549573880
189	1549573881
190	1549573881
191	1549573882
192	1549573881
193	1549573881
194	1549573881
195	1549573881
196	1549573881
197	1549573881
198	1549573881
199	1549573882
200	1549573881
201	1549573882
202	1549573882
203	1549573881
204	1549573882
205	1549573881
206	1549573882
207	1549573882
208	1549573884
209	1549573882
210	1549573883
211	1549573882
212	1549573883
213	1549573883
214	1549573882
215	1549573883
216	1549573883
217	1549573884
218	1549573884
219	1549573885
220	1549573885
221	1549573885
222	1549573885
223	1549573884
224	1549573885
225	1549573884
226	1549573884
227	1549573886
228	1549573885
229	1549573885
230	1549573885
231	1549573885
232	1549573885
233	1549573884
234	1549573885
235	1549573886
236	1549573886
237	1549573886
238	1549573886
239	1549573886
240	1549573887
241	1549573886
242	1549573886
243	1549573885
244	1549573886
245	1549573887
246	1549573887
247	1549573887
248	1549573887
249	1549573887
250	1549573886
251	1549573887
252	1549573887
253	1549573888
254	1549573888
255	1549573889
256	1549573888
257	1549573889
258	1549573887
259	1549573889
260	1549573888
261	1549573888
262	1549573889
263	1549573889
264	1549573889
265	1549573888
266	1549573889
267	1549573889
268	1549573889
269	1549573889
270	1549573888
271	1549573890
272	1549573891
273	1549573889
274	1549573890
275	1549573890
276	1549573890
277	1549573890
278	1549573890
279	1549573890
280	1549573891
281	1549573891
282	1549573891
283	1549573891
284	1549573890
285	1549573891
286	1549573891
287	1549573891
288	1549573891
289	1549573892
290	1549573891
291	1549573892
292	1549573891
293	1549573892
294	1549573892
295	1549573892
296	1549573892
297	1549573892
298	1549573893
299	1549573893
300	1549573893
301	1549573893
302	1549573894
303	1549573892
304	1549573893
305	1549573893
306	1549573892
307	1549573894
308	1549573894
309	1549573895
310	1549573895
311	1549573895
312	1549573893
313	1549573893
314	1549573895
315	1549573894
316	1549573895
317	1549573895
318	1549573895
319	1549573894
320	1549573895
321	1549573896
322	1549573895
323	1549573895
324	1549573895
325	1549573897
326	1549573896
327	1549573896
328	1549573896
329	1549573897
330	1549573896
331	1549573896
332	1549573896
333	1549573896
334	1549573897
335	1549573897
336	1549573897
337	1549573897
338	1549573897
339	1549573897
340	1549573896
341	1549573897
342	1549573897
343	1549573898
344	1549573898
345	1549573898
346	1549573898
347	1549573897
348	1549573898
349	1549573898
350	1549573898
351	1549573898
352	1549573899
353	1549573899
354	1549573898
355	1549573899
356	1549573898
357	1549573899
358	1549573899
359	1549573899
360	1549573898
361	1549573900
362	1549573900
363	1549573900
364	1549573900
365	1549573900
366	1549573899
367	1549573899
368	1549573900
369	1549573901
370	1549573901
371	1549573902
372	1549573901
373	1549573900
374	1549573902
375	1549573901
376	1549573901
377	1549573900
378	1549573901
379	1549573903
380	1549573901
381	1549573901
382	1549573902
383	1549573902
384	1549573903
385	1549573903
386	1549573903
387	1549573902
388	1549573904
389	1549573904
390	1549573902
391	1549573903
392	1549573903
393	1549573903
394	1549573903
395	1549573903
396	1549573902
397	1549573903
398	1549573904
399	1549573904
400	1549573904
401	1549573904
402	1549573905
403	1549573905
404	1549573905
405	1549573905
406	1549573905
407	1549573905
408	1549573905
409	1549573906
410	1549573904
411	1549573905
412	1549573905
413	1549573905
414	1549573906
415	1549573906
416	1549573906
417	1549573906
418	1549573906
419	1549573906
420	1549573906
421	1549573905
422	1549573906
423	1549573905
424	1549573908
425	1549573907
426	1549573907
427	1549573906
428	1549573907
429	1549573907
430	1549573908
431	1549573906
432	1549573907
433	1549573908
434	1549573908
435	1549573908
436	1549573908
437	1549573908
438	1549573908
439	1549573908
440	1549573908
441	1549573908
442	1549573909
443	1549573908
444	1549573909
445	1549573909
446	1549573909
447	1549573909
448	1549573910
449	1549573908
450	1549573910
451	1549573910
452	1549573909
453	1549573910
454	1549573910
455	1549573910
456	1549573910
457	1549573910
458	1549573910
459	1549573910
460	1549573912
461	1549573910
462	1549573911
463	1549573912
464	1549573912
465	1549573911
466	1549573911
467	1549573911
468	1549573911
469	1549573911
470	1549573912
471	1549573912
472	1549573912
473	1549573912
474	1549573913
475	1549573912
476	1549573912
477	1549573912
478	1549573913
479	1549573914
480	1549573913
481	1549573913
482	1549573914
483	1549573913
484	1549573913
485	1549573913
486	1549573913
487	1549573914
488	1549573914
489	1549573915
490	1549573913
491	1549573914
492	1549573914
493	1549573914
494	1549573914
495	1549573913
496	1549573915
497	1549573916
498	1549573916
499	1549573914
500	1549573915
501	1549573915
502	1549573915
503	1549573915
504	1549573915
505	1549573916
506	1549573916
507	1549573916
508	1549573915
509	1549573916
510	1549573916
511	1549573917
512	1549573916
513	1549573916
514	1549573917
515	1549573916
516	1549573917
517	1549573918
518	1549573917
519	1549573917
520	1549573917
521	1549573916
522	1549573917
523	1549573918
524	1549573918
525	1549573918
526	1549573918
527	1549573917
528	1549573918
529	1549573918
530	1549573918
531	1549573917
532	1549573919
533	1549573919
534	1549573919
535	1549573919
536	1549573920
537	1549573918
538	1549573919
539	1549573919
540	1549573919
541	1549573920
542	1549573920
543	1549573921
544	1549573920
545	1549573920
546	1549573920
547	1549573920
548	1549573919
549	1549573920
550	1549573921
551	1549573919
552	1549573920
553	1549573920
554	1549573920
555	1549573920
556	1549573919
557	1549573920
558	1549573920
559	1549573921
560	1549573920
561	1549573921
562	1549573921
563	1549573921
564	1549573920
565	1549573921
566	1549573922
567	1549573921
568	1549573921
569	1549573921
570	1549573922
571	1549573921
572	1549573921
573	1549573921
574	1549573921
575	1549573921
576	1549573921
577	1549573921
578	1549573922
579	1549573922
580	1549573921
581	1549573922
582	1549573923
583	1549573922
584	1549573921
585	1549573922
586	1549573922
587	1549573922
588	1549573922
589	1549573921
590	1549573922
591	1549573921
592	1549573923
593	1549573922
594	1549573923
595	1549573923
596	1549573923
597	1549573924
598	1549573923
599	1549573923
600	1549573922
601	1549573923
602	1549573923
603	1549573924
604	1549573923
605	1549573923
606	1549573923
607	1549573922
608	1549573923
609	1549573922
610	1549573923
611	1549573923
612	1549573923
613	1549573923
614	1549573923
615	1549573924
616	1549573925
617	1549573924
618	1549573924
619	1549573924
620	1549573923
621	1549573924
622	1549573925
623	1549573924
624	1549573924
625	1549573924
626	1549573924
627	1549573924
628	1549573923
629	1549573925
630	1549573924
631	1549573925
632	1549573925
633	1549573925
634	1549573925
635	1549573925
636	1549573925
637	1549573925
638	1549573925
639	1549573925
640	1549573925
641	1549573925
642	1549573926
643	1549573925
644	1549573925
645	1549573924
646	1549573925
647	1549573924
648	1549573926
649	1549573926
650	1549573927
651	1549573926
652	1549573926
653	1549573926
654	1549573926
655	1549573925
656	1549573927
657	1549573926
658	1549573925
659	1549573926
660	1549573926
661	1549573926
662	1549573926
663	1549573925
664	1549573926
665	1549573926
666	1549573925
667	1549573927
668	1549573927
669	1549573927
670	1549573927
671	1549573927
672	1549573927
673	1549573927
674	1549573927
675	1549573928
676	1549573926
677	1549573926
678	1549573927
679	1549573926
680	1549573927
681	1549573927
682	1549573927
683	1549573928
684	1549573928
685	1549573928
686	1549573928
687	1549573928
688	1549573928
689	1549573928
690	1549573927
691	1549573927
692	1549573928
693	1549573928
694	1549573928
695	1549573928
696	1549573928
697	1549573929
698	1549573929
699	1549573927
700	1549573928
701	1549573928
702	1549573929
703	1549573928
704	1549573930
705	1549573928
706	1549573929
707	1549573929
708	1549573930
709	1549573928
710	1549573930
711	1549573929
712	1549573929
713	1549573929
714	1549573928
715	1549573928
716	1549573929
717	1549573929
718	1549573929
719	1549573930
720	1549573929
721	1549573930
722	1549573930
723	1549573930
724	1549573930
725	1549573930
726	1549573930
727	1549573929
728	1549573931
729	1549573930
730	1549573930
731	1549573930
732	1549573930
733	1549573930
734	1549573931
735	1549573930
736	1549573930
737	1549573930
738	1549573929
739	1549573931
740	1549573931
741	1549573931
742	1549573931
743	1549573930
744	1549573931
745	1549573931
746	1549573931
747	1549573931
748	1549573930
749	1549573931
750	1549573931
751	1549573931
752	1549573931
753	1549573931
754	1549573931
755	1549573931
756	1549573931
757	1549573932
758	1549573932
759	1549573932
760	1549573932
761	1549573933
762	1549573932
763	1549573932
764	1549573933
765	1549573931
766	1549573933
767	1549573931
768	1549573932
769	1549573932
770	1549573933
771	1549573932
772	1549573931
773	1549573933
774	1549573932
775	1549573932
776	1549573933
777	1549573933
778	1549573933
779	1549573933
780	1549573933
781	1549573934
782	1549573932
783	1549573934
784	1549573932
785	1549573933
786	1549573933
787	1549573934
788	1549573934
789	1549573933
790	1549573933
791	1549573932
792	1549573933
793	1549573934
794	1549573935
795	1549573934
796	1549573934
797	1549573934
798	1549573935
799	1549573933
800	1549573933
801	1549573934
802	1549573934
803	1549573933
804	1549573934
805	1549573934
806	1549573934
807	1549573934
808	1549573934
809	1549573934
810	1549573934
811	1549573935
812	1549573936
813	1549573934
814	1549573934
815	1549573935
816	1549573936
817	1549573935
818	1549573935
819	1549573935
820	1549573935
821	1549573935
822	1549573935
823	1549573934
824	1549573935
825	1549573934
826	1549573935
827	1549573935
828	1549573936
829	1549573937
830	1549573936
831	1549573936
832	1549573936
833	1549573936
834	1549573936
835	1549573936
836	1549573935
837	1549573936
838	1549573935
839	1549573935
840	1549573935
841	1549573935
842	1549573936
843	1549573936
844	1549573936
845	1549573936
846	1549573935
847	1549573937
848	1549573936
849	1549573936
850	1549573937
851	1549573937
852	1549573937
853	1549573938
854	1549573937
855	1549573937
856	1549573937
857	1549573937
858	1549573937
859	1549573937
860	1549573937
861	1549573937
862	1549573937
863	1549573937
864	1549573937
865	1549573938
866	1549573937
867	1549573938
868	1549573938
869	1549573938
870	1549573937
871	1549573938
872	1549573938
873	1549573939
874	1549573937
875	1549573938
876	1549573938
877	1549573938
878	1549573937
879	1549573938
880	1549573938
881	1549573938
882	1549573938
883	1549573939
884	1549573939
885	1549573939
886	1549573940
887	1549573939
888	1549573939
889	1549573939
890	1549573939
891	1549573939
892	1549573939
893	1549573940
894	1549573938
895	1549573939
896	1549573939
897	1549573939
898	1549573939
899	1549573939
900	1549573940
901	1549573940
902	1549573940
903	1549573940
904	1549573940
905	1549573940
906	1549573940
907	1549573940
908	1549573939
909	1549573940
910	1549573941
911	1549573940
912	1549573941
913	1549573940
914	1549573939
915	1549573940
916	1549573939
917	1549573941
918	1549573940
919	1549573941
920	1549573941
921	1549573941
922	1549573940
923	1549573941
924	1549573940
925	1549573941
926	1549573942
927	1549573941
928	1549573941
929	1549573941
930	1549573941
931	1549573941
932	1549573941
933	1549573941
934	1549573941
935	1549573941
936	1549573942
937	1549573942
938	1549573942
939	1549573941
940	1549573942
941	1549573941
942	1549573941
943	1549573942
944	1549573942
945	1549573942
946	1549573942
947	1549573941
948	1549573942
949	1549573941
950	1549573942
951	1549573942
952	1549573942
953	1549573943
954	1549573942
955	1549573943
956	1549573943
957	1549573942
958	1549573942
959	1549573943
960	1549573943
961	1549573943
962	1549573943
963	1549573942
964	1549573943
965	1549573942
966	1549573942
967	1549573944
968	1549573942
969	1549573943
970	1549573944
971	1549573944
972	1549573943
973	1549573944
974	1549573945
975	1549573944
976	1549573943
977	1549573944
978	1549573943
979	1549573944
980	1549573944
981	1549573945
982	1549573944
983	1549573945
984	1549573944
985	1549573944
986	1549573944
987	1549573944
988	1549573944
989	1549573944
990	1549573945
991	1549573944
992	1549573945
993	1549573944
994	1549573945
995	1549573944
996	1549573946
997	1549573944
998	1549573945
999	1549573946
1000	1549573945
1001	1549573944
1002	1549573945
1003	1549573946
1004	1549573945
1005	1549573945
1006	1549573945
1007	1549573944
1008	1549573945
1009	1549573946
1010	1549573947
1011	1549573945
1012	1549573946
1013	1549573947
1014	1549573945
1015	1549573945
1016	1549573946
1017	1549573945
1018	1549573947
1019	1549573946
1020	1549573945
1021	1549573946
1022	1549573947
1023	1549573947
1024	1549573946
1025	1549573946
1026	1549573946
1027	1549573947
1028	1549573947
1029	1549573947
1030	1549573947
1031	1549573946
1032	1549573948
1033	1549573947
1034	1549573947
1035	1549573947
1036	1549573947
1037	1549573947
1038	1549573947
1039	1549573947
1040	1549573947
1041	1549573947
1042	1549573947
1043	1549573947
1044	1549573946
1045	1549573948
1046	1549573947
1047	1549573948
1048	1549573948
1049	1549573948
1050	1549573947
1051	1549573948
1052	1549573948
1053	1549573948
1054	1549573948
1055	1549573948
1056	1549573948
1057	1549573947
1058	1549573948
1059	1549573948
1060	1549573947
1061	1549573948
1062	1549573949
1063	1549573949
1064	1549573949
1065	1549573950
1066	1549573949
1067	1549573950
1068	1549573949
1069	1549573949
1070	1549573948
1071	1549573949
1072	1549573949
1073	1549573948
1074	1549573949
1075	1549573949
1076	1549573949
1077	1549573949
1078	1549573949
1079	1549573949
1080	1549573949
1081	1549573950
1082	1549573950
1083	1549573951
1084	1549573950
1085	1549573949
1086	1549573950
1087	1549573949
1088	1549573949
1089	1549573950
1090	1549573950
1091	1549573950
1092	1549573951
1093	1549573950
1094	1549573949
1095	1549573950
1096	1549573950
1097	1549573949
1098	1549573950
1099	1549573951
1100	1549573951
1101	1549573951
1102	1549573950
1103	1549573951
1104	1549573951
1105	1549573951
1106	1549573951
1107	1549573951
1108	1549573951
1109	1549573951
1110	1549573951
1111	1549573950
1112	1549573952
1113	1549573951
1114	1549573951
1115	1549573952
1116	1549573951
1117	1549573951
1118	1549573952
1119	1549573951
1120	1549573953
1121	1549573951
1122	1549573952
1123	1549573952
1124	1549573952
1125	1549573952
1126	1549573951
1127	1549573952
1128	1549573953
1129	1549573953
1130	1549573953
1131	1549573952
1132	1549573951
1133	1549573952
1134	1549573953
1135	1549573953
1136	1549573953
1137	1549573953
1138	1549573952
1139	1549573953
1140	1549573953
1141	1549573953
1142	1549573953
1143	1549573953
1144	1549573953
1145	1549573953
1146	1549573952
1147	1549573952
1148	1549573952
1149	1549573953
1150	1549573952
1151	1549573953
1152	1549573953
1153	1549573953
1154	1549573954
1155	1549573954
1156	1549573954
1157	1549573954
1158	1549573954
1159	1549573955
1160	1549573955
1161	1549573953
1162	1549573954
1163	1549573953
1164	1549573955
1165	1549573954
1166	1549573953
1167	1549573954
1168	1549573954
1169	1549573953
1170	1549573954
1171	1549573954
1172	1549573956
1173	1549573955
1174	1549573955
1175	1549573955
1176	1549573955
1177	1549573954
1178	1549573955
1179	1549573955
1180	1549573955
1181	1549573956
1182	1549573955
1183	1549573955
1184	1549573955
1185	1549573955
1186	1549573955
1187	1549573954
1188	1549573954
1189	1549573956
1190	1549573957
1191	1549573955
1192	1549573956
1193	1549573956
1194	1549573956
1195	1549573955
1196	1549573956
1197	1549573957
1198	1549573956
1199	1549573956
1200	1549573956
1201	1549573956
1202	1549573956
1203	1549573956
1204	1549573956
1205	1549573956
1206	1549573956
1207	1549573957
1208	1549573957
1209	1549573957
1210	1549573957
1211	1549573958
1212	1549573957
1213	1549573957
1214	1549573956
1215	1549573957
1216	1549573957
1217	1549573957
1218	1549573957
1219	1549573958
1220	1549573957
1221	1549573957
1222	1549573957
1223	1549573957
1224	1549573956
1225	1549573957
1226	1549573958
1227	1549573958
1228	1549573958
1229	1549573958
1230	1549573958
1231	1549573958
1232	1549573958
1233	1549573957
1234	1549573958
1235	1549573957
1236	1549573959
1237	1549573958
1238	1549573958
1239	1549573958
1240	1549573958
1241	1549573958
1242	1549573958
1243	1549573959
1244	1549573959
1245	1549573959
1246	1549573959
1247	1549573959
1248	1549573959
1249	1549573958
1250	1549573959
1251	1549573959
1252	1549573958
1253	1549573959
1254	1549573959
1255	1549573960
1256	1549573958
1257	1549573960
1258	1549573959
1259	1549573958
1260	1549573959
1261	1549573959
1262	1549573959
1263	1549573959
1264	1549573960
1265	1549573960
1266	1549573960
1267	1549573959
1268	1549573960
1269	1549573960
1270	1549573959
1271	1549573960
1272	1549573960
1273	1549573960
1274	1549573959
1275	1549573961
1276	1549573959
1277	1549573960
1278	1549573959
1279	1549573960
1280	1549573960
1281	1549573961
1282	1549573961
1283	1549573961
1284	1549573962
1285	1549573960
1286	1549573961
1287	1549573962
1288	1549573961
1289	1549573961
1290	1549573962
1291	1549573962
1292	1549573962
1293	1549573961
1294	1549573961
1295	1549573960
1296	1549573962
1297	1549573963
1298	1549573962
1299	1549573962
1300	1549573961
1301	1549573963
1302	1549573963
1303	1549573963
1304	1549573963
1305	1549573962
1306	1549573961
1307	1549573962
1308	1549573963
1309	1549573962
1310	1549573961
1311	1549573961
1312	1549573962
1313	1549573962
1314	1549573962
1315	1549573963
1316	1549573963
1317	1549573963
1318	1549573963
1319	1549573964
1320	1549573962
1321	1549573963
1322	1549573964
1323	1549573963
1324	1549573963
1325	1549573963
1326	1549573964
1327	1549573963
1328	1549573963
1329	1549573963
1330	1549573963
1331	1549573962
1332	1549573963
1333	1549573964
1334	1549573964
1335	1549573964
1336	1549573964
1337	1549573965
1338	1549573964
1339	1549573964
1340	1549573965
1341	1549573963
1342	1549573964
1343	1549573965
1344	1549573963
1345	1549573964
1346	1549573965
1347	1549573963
1348	1549573964
1349	1549573965
1350	1549573965
1351	1549573965
1352	1549573965
1353	1549573965
1354	1549573965
1355	1549573965
1356	1549573965
1357	1549573965
1358	1549573966
1359	1549573964
1360	1549573965
1361	1549573965
1362	1549573966
1363	1549573965
1364	1549573966
1365	1549573965
1366	1549573965
1367	1549573966
1368	1549573965
1369	1549573966
1370	1549573966
1371	1549573966
1372	1549573966
1373	1549573965
1374	1549573965
1375	1549573967
1376	1549573966
1377	1549573966
1378	1549573966
1379	1549573966
1380	1549573966
1381	1549573966
1382	1549573965
1383	1549573966
1384	1549573965
1385	1549573965
1386	1549573965
1387	1549573966
1388	1549573968
1389	1549573968
1390	1549573966
1391	1549573967
1392	1549573966
1393	1549573966
1394	1549573968
1395	1549573967
1396	1549573968
1397	1549573967
1398	1549573966
1399	1549573966
1400	1549573966
1401	1549573967
1402	1549573968
1403	1549573967
1404	1549573967
1405	1549573969
1406	1549573968
1407	1549573969
1408	1549573967
1409	1549573968
1410	1549573968
1411	1549573968
1412	1549573967
1413	1549573968
1414	1549573967
1415	1549573968
1416	1549573968
1417	1549573968
1418	1549573968
1419	1549573968
1420	1549573968
1421	1549573968
1422	1549573969
1423	1549573968
1424	1549573970
1425	1549573969
1426	1549573969
1427	1549573969
1428	1549573969
1429	1549573969
1430	1549573970
1431	1549573969
1432	1549573968
1433	1549573969
1434	1549573968
1435	1549573968
1436	1549573969
1437	1549573969
1438	1549573969
1439	1549573969
1440	1549573969
1441	1549573970
1442	1549573970
1443	1549573970
1444	1549573970
1445	1549573970
1446	1549573969
1447	1549573971
1448	1549573970
1449	1549573970
1450	1549573970
1451	1549573970
1452	1549573970
1453	1549573970
1454	1549573970
1455	1549573971
1456	1549573970
1457	1549573970
1458	1549573970
1459	1549573972
1460	1549573971
1461	1549573971
1462	1549573971
1463	1549573971
1464	1549573972
1465	1549573971
1466	1549573971
1467	1549573971
1468	1549573971
1469	1549573972
1470	1549573970
1471	1549573972
1472	1549573971
1473	1549573972
1474	1549573971
1475	1549573971
1476	1549573971
1477	1549573972
1478	1549573972
1479	1549573972
1480	1549573972
1481	1549573972
1482	1549573972
1483	1549573971
1484	1549573972
1485	1549573972
1486	1549573972
1487	1549573971
1488	1549573972
1489	1549573973
1490	1549573972
1491	1549573972
1492	1549573971
1493	1549573972
1494	1549573972
1495	1549573973
1496	1549573973
1497	1549573973
1498	1549573973
1499	1549573973
1500	1549573973
1501	1549573973
1502	1549573973
1503	1549573974
1504	1549573973
1505	1549573974
1506	1549573973
1507	1549573973
1508	1549573972
1509	1549573973
1510	1549573973
1511	1549573972
1512	1549573974
1513	1549573974
1514	1549573974
1515	1549573975
1516	1549573975
1517	1549573974
1518	1549573974
1519	1549573974
1520	1549573974
1521	1549573974
1522	1549573974
1523	1549573974
1524	1549573974
1525	1549573974
1526	1549573974
1527	1549573974
1528	1549573974
1529	1549573975
1530	1549573973
1531	1549573975
1532	1549573976
1533	1549573975
1534	1549573976
1535	1549573975
1536	1549573975
1537	1549573974
1538	1549573976
1539	1549573976
1540	1549573975
1541	1549573975
1542	1549573976
1543	1549573975
1544	1549573975
1545	1549573975
1546	1549573975
1547	1549573976
1548	1549573975
1549	1549573975
1550	1549573975
1551	1549573976
1552	1549573976
1553	1549573977
1554	1549573975
1555	1549573976
1556	1549573977
1557	1549573976
1558	1549573976
1559	1549573976
1560	1549573977
1561	1549573976
1562	1549573975
1563	1549573975
1564	1549573976
1565	1549573976
1566	1549573977
1567	1549573977
1568	1549573977
1569	1549573977
1570	1549573976
1571	1549573976
1572	1549573978
1573	1549573976
1574	1549573977
1575	1549573977
1576	1549573978
1577	1549573978
1578	1549573977
1579	1549573976
1580	1549573977
1581	1549573976
1582	1549573977
1583	1549573977
1584	1549573977
1585	1549573978
1586	1549573978
1587	1549573978
1588	1549573979
1589	1549573978
1590	1549573978
1591	1549573979
1592	1549573978
1593	1549573978
1594	1549573978
1595	1549573979
1596	1549573978
1597	1549573978
1598	1549573978
1599	1549573978
1600	1549573978
1601	1549573979
1602	1549573978
1603	1549573979
1604	1549573978
1605	1549573979
1606	1549573979
1607	1549573978
1608	1549573979
1609	1549573979
1610	1549573979
1611	1549573979
1612	1549573979
1613	1549573979
1614	1549573980
1615	1549573979
1616	1549573979
1617	1549573979
1618	1549573979
1619	1549573979
1620	1549573978
1621	1549573981
1622	1549573979
1623	1549573980
1624	1549573980
1625	1549573981
1626	1549573981
1627	1549573982
1628	1549573982
1629	1549573983
1630	1549573983
1631	1549573983
1632	1549573984
1633	1549573984
1634	1549573984
1635	1549573984
1636	1549573984
1637	1549573986
1638	1549573985
1639	1549573986
1640	1549573986
1641	1549573986
1642	1549573987
1643	1549573987
1644	1549573987
1645	1549573988
1646	1549573988
1647	1549573987
1648	1549573989
1649	1549573989
1650	1549573989
1651	1549573990
1652	1549573990
1653	1549573990
1654	1549573991
1655	1549573992
1656	1549573991
1657	1549573992
1658	1549573992
1659	1549573992
1660	1549573993
1661	1549573993
1662	1549573994
1663	1549573994
1664	1549573993
1665	1549573994
1666	1549573994
1667	1549573996
1668	1549573995
1669	1549573997
1670	1549573997
1671	1549573996
1672	1549573998
1673	1549573997
1674	1549573997
1675	1549573998
1676	1549573997
1677	1549573998
1678	1549573999
1679	1549573999
1680	1549573999
1681	1549574000
1682	1549574000
1683	1549574000
1684	1549574001
1685	1549574001
1686	1549574001
1687	1549574002
1688	1549574003
1689	1549574002
1690	1549574003
1691	1549574003
1692	1549574002
1693	1549574005
1694	1549574003
1695	1549574003
1696	1549574006
1697	1549574005
1698	1549574005
1699	1549574007
1700	1549574006
1701	1549574006
1702	1549574007
1703	1549574006
1704	1549574008
1705	1549574009
1706	1549574008
1707	1549574008
1708	1549574009
1709	1549574009
1710	1549574009
1711	1549574010
1712	1549574010
1713	1549574011
1714	1549574011
1715	1549574011
1716	1549574011
1717	1549574012
1718	1549574011
1719	1549574011
1720	1549574013
1721	1549574013
1722	1549574013
1723	1549574015
1724	1549574013
1725	1549574015
1726	1549574015
1727	1549574014
1728	1549574015
1729	1549574015
1730	1549574016
1731	1549574017
1732	1549574016
1733	1549574017
1734	1549574017
1735	1549574018
1736	1549574018
1737	1549574018
1738	1549574019
1739	1549574020
1740	1549574018
1741	1549574021
1742	1549574020
1743	1549574020
1744	1549574021
1745	1549574021
1746	1549574022
1747	1549574022
1748	1549574022
1749	1549574021
1750	1549574022
1751	1549574023
1752	1549574023
1753	1549574024
1754	1549574024
1755	1549574024
1756	1549574026
1757	1549574025
1758	1549574024
1759	1549574026
1760	1549574025
1761	1549574026
1762	1549574027
1763	1549574027
1764	1549574028
1765	1549574028
1766	1549574028
1767	1549574028
1768	1549574029
1769	1549574029
1770	1549574029
1771	1549574030
1772	1549574030
1773	1549574031
1774	1549574030
1775	1549574031
1776	1549574031
1777	1549574033
1778	1549574033
1779	1549574032
1780	1549574033
1781	1549574033
1782	1549574033
1783	1549574034
1784	1549574034
1785	1549574035
1786	1549574035
1787	1549574034
1788	1549574035
1789	1549574036
1790	1549574036
1791	1549574036
1792	1549574038
1793	1549574037
1794	1549574037
1795	1549574038
1796	1549574038
1797	1549574039
1798	1549574039
1799	1549574038
1800	1549574039
1801	1549574040
1802	1549574039
1803	1549574041
1804	1549574042
1805	1549574041
1806	1549574041
1807	1549574042
1808	1549574042
1809	1549574042
1810	1549574043
1811	1549574044
1812	1549574043
1813	1549574044
1814	1549574043
1815	1549574044
1816	1549574045
1817	1549574046
1818	1549574045
1819	1549574046
1820	1549574046
1821	1549574046
1822	1549574046
1823	1549574047
1824	1549574046
1825	1549574049
1826	1549574047
1827	1549574048
1828	1549574050
1829	1549574049
1830	1549574049
1831	1549574050
1832	1549574050
1833	1549574050
1834	1549574051
1835	1549574050
1836	1549574051
1837	1549574052
1838	1549574051
1839	1549574052
1840	1549574052
1841	1549574053
1842	1549574053
1843	1549574054
1844	1549574054
1845	1549574055
1846	1549574056
1847	1549574055
1848	1549574055
1849	1549574056
1850	1549574056
1851	1549574056
1852	1549574057
1853	1549574057
1854	1549574057
1855	1549574058
1856	1549574058
1857	1549574058
1858	1549574060
1859	1549574058
1860	1549574059
1861	1549574059
1862	1549574061
1863	1549574060
1864	1549574061
1865	1549574061
1866	1549574061
1867	1549574062
1868	1549574063
1869	1549574061
1870	1549574064
1871	1549574063
1872	1549574064
1873	1549574064
1874	1549574064
1875	1549574064
1876	1549574065
1877	1549574065
1878	1549574065
1879	1549574066
1880	1549574066
1881	1549574067
1882	1549574067
1883	1549574067
1884	1549574066
1885	1549574068
1886	1549574068
1887	1549574069
1888	1549574069
1889	1549574069
1890	1549574069
1891	1549574070
1892	1549574070
1893	1549574070
1894	1549574071
1895	1549574071
1896	1549574071
1897	1549574072
1898	1549574072
1899	1549574072
1900	1549574073
1901	1549574074
1902	1549574073
1903	1549574074
1904	1549574075
1905	1549574074
1906	1549574075
1907	1549574075
1908	1549574074
1909	1549574075
1910	1549574076
1911	1549574076
1912	1549574076
1913	1549574077
1914	1549574077
1915	1549574079
1916	1549574078
1917	1549574077
1918	1549574079
1919	1549574079
1920	1549574079
1921	1549574080
1922	1549574080
1923	1549574079
1924	1549574081
1925	1549574081
1926	1549574081
1927	1549574082
1928	1549574082
1929	1549574082
1930	1549574083
1931	1549574082
1932	1549574083
1933	1549574084
1934	1549574084
1935	1549574084
1936	1549574085
1937	1549574085
1938	1549574086
1939	1549574086
1940	1549574086
1941	1549574086
1942	1549574087
1943	1549574087
1944	1549574088
1945	1549574089
1946	1549574088
1947	1549574088
1948	1549574089
1949	1549574089
1950	1549574089
1951	1549574090
1952	1549574090
1953	1549574089
1954	1549574091
1955	1549574091
1956	1549574091
1957	1549574093
1958	1549574093
1959	1549574091
1960	1549574093
1961	1549574093
1962	1549574093
1963	1549574094
1964	1549574093
1965	1549574095
1966	1549574095
1967	1549574096
1968	1549574095
1969	1549574095
1970	1549574096
1971	1549574096
1972	1549574097
1973	1549574097
1974	1549574097
1975	1549574097
1976	1549574098
1977	1549574098
1978	1549574099
1979	1549574099
1980	1549574099
1981	1549574099
1982	1549574100
1983	1549574100
1984	1549574101
1985	1549574101
1986	1549574100
1987	1549574103
1988	1549574102
1989	1549574102
1990	1549574102
1991	1549574103
1992	1549574103
1993	1549574105
1994	1549574104
1995	1549574104
1996	1549574105
1997	1549574105
1998	1549574105
1999	1549574106
2000	1549574106
2001	1549574106
2002	1549574107
2003	1549574107
2004	1549574107
2005	1549574108
2006	1549574109
2007	1549574107
2008	1549574109
2009	1549574109
2010	1549574109
2011	1549574109
2012	1549574110
2013	1549574110
2014	1549574111
2015	1549574111
2016	1549574111
2017	1549574111
2018	1549574111
2019	1549574112
2020	1549574113
2021	1549574114
2022	1549574113
2023	1549574113
2024	1549574114
2025	1549574114
2026	1549574115
2027	1549574115
2028	1549574115
2029	1549574116
2030	1549574116
2031	1549574117
2032	1549574117
2033	1549574117
2034	1549574118
2035	1549574118
2036	1549574117
2037	1549574118
2038	1549574119
2039	1549574119
2040	1549574120
2041	1549574120
2042	1549574121
2043	1549574119
2044	1549574121
2045	1549574122
2046	1549574121
2047	1549574122
2048	1549574122
2049	1549574122
2050	1549574123
2051	1549574122
2052	1549574123
2053	1549574123
2054	1549574124
2055	1549574124
2056	1549574125
2057	1549574124
2058	1549574125
2059	1549574125
2060	1549574126
2061	1549574126
2062	1549574127
2063	1549574127
2064	1549574127
2065	1549574128
2066	1549574128
2067	1549574128
2068	1549574128
2069	1549574128
2070	1549574129
2071	1549574130
2072	1549574131
2073	1549574130
2074	1549574130
2075	1549574130
2076	1549574130
2077	1549574129
2078	1549574130
2079	1549574130
2080	1549574130
2081	1549574130
2082	1549574129
2083	1549574129
2084	1549574130
2085	1549574130
2086	1549574130
2087	1549574131
2088	1549574131
2089	1549574130
2090	1549574130
2091	1549574130
2092	1549574129
2093	1549574130
2094	1549574131
2095	1549574130
2096	1549574130
2097	1549574130
2098	1549574130
2099	1549574131
2100	1549574131
2101	1549574131
2102	1549574130
2103	1549574131
2104	1549574131
2105	1549574131
2106	1549574131
2107	1549574132
2108	1549574131
2109	1549574131
2110	1549574131
2111	1549574132
2112	1549574131
2113	1549574131
2114	1549574131
2115	1549574132
2116	1549574131
2117	1549574131
2118	1549574130
2119	1549574131
2120	1549574130
2121	1549574130
2122	1549574131
2123	1549574131
2124	1549574131
2125	1549574131
2126	1549574132
2127	1549574132
2128	1549574133
2129	1549574132
2130	1549574132
2131	1549574132
2132	1549574131
2133	1549574132
2134	1549574131
2135	1549574132
2136	1549574132
2137	1549574133
2138	1549574132
2139	1549574132
2140	1549574132
2141	1549574132
2142	1549574133
2143	1549574131
2144	1549574132
2145	1549574133
2146	1549574132
2147	1549574131
2148	1549574132
2149	1549574132
2150	1549574132
2151	1549574132
2152	1549574133
2153	1549574132
2154	1549574132
2155	1549574133
2156	1549574133
2157	1549574134
2158	1549574133
2159	1549574133
2160	1549574134
2161	1549574134
2162	1549574132
2163	1549574133
2164	1549574133
2165	1549574133
2166	1549574134
2167	1549574133
2168	1549574133
2169	1549574133
2170	1549574133
2171	1549574134
2172	1549574133
2173	1549574134
2174	1549574132
2175	1549574132
2176	1549574133
2177	1549574133
2178	1549574133
2179	1549574132
2180	1549574133
2181	1549574132
2182	1549574133
2183	1549574135
2184	1549574134
2185	1549574134
2186	1549574134
2187	1549574134
2188	1549574133
2189	1549574133
2190	1549574135
2191	1549574135
2192	1549574134
2193	1549574134
2194	1549574134
2195	1549574134
2196	1549574134
2197	1549574134
2198	1549574134
2199	1549574134
2200	1549574133
2201	1549574133
2202	1549574134
2203	1549574133
2204	1549574134
2205	1549574134
2206	1549574134
2207	1549574134
2208	1549574134
2209	1549574134
2210	1549574134
2211	1549574135
2212	1549574134
2213	1549574136
2214	1549574135
2215	1549574135
2216	1549574134
2217	1549574134
2218	1549574136
2219	1549574135
2220	1549574136
2221	1549574135
2222	1549574134
2223	1549574135
2224	1549574136
2225	1549574135
2226	1549574135
2227	1549574135
2228	1549574134
2229	1549574135
2230	1549574135
2231	1549574135
2232	1549574135
2233	1549574134
2234	1549574135
2235	1549574136
2236	1549574135
2237	1549574136
2238	1549574135
2239	1549574136
2240	1549574136
2241	1549574136
2242	1549574136
2243	1549574136
2244	1549574135
2245	1549574136
2246	1549574135
2247	1549574136
2248	1549574136
2249	1549574136
2250	1549574135
2251	1549574135
2252	1549574136
2253	1549574136
2254	1549574136
2255	1549574136
2256	1549574136
2257	1549574136
2258	1549574136
2259	1549574135
2260	1549574135
2261	1549574136
2262	1549574135
2263	1549574137
2264	1549574136
2265	1549574136
2266	1549574136
2267	1549574137
2268	1549574138
2269	1549574137
2270	1549574138
2271	1549574137
2272	1549574137
2273	1549574137
2274	1549574137
2275	1549574137
2276	1549574138
2277	1549574138
2278	1549574137
2279	1549574136
2280	1549574136
2281	1549574137
2282	1549574137
2283	1549574136
2284	1549574137
2285	1549574137
2286	1549574137
2287	1549574137
2288	1549574137
2289	1549574137
2290	1549574138
2291	1549574136
2292	1549574137
2293	1549574137
2294	1549574137
2295	1549574138
2296	1549574139
2297	1549574139
2298	1549574138
2299	1549574139
2300	1549574139
2301	1549574139
2302	1549574139
2303	1549574138
2304	1549574138
2305	1549574139
2306	1549574139
2307	1549574138
2308	1549574138
2309	1549574138
2310	1549574138
2311	1549574139
2312	1549574138
2313	1549574137
2314	1549574138
2315	1549574139
2316	1549574138
2317	1549574138
2318	1549574138
2319	1549574138
2320	1549574138
2321	1549574139
2322	1549574138
2323	1549574139
2324	1549574138
2325	1549574139
2326	1549574139
2327	1549574140
2328	1549574139
2329	1549574138
2330	1549574138
2331	1549574138
2332	1549574139
2333	1549574139
2334	1549574139
2335	1549574139
2336	1549574139
2337	1549574138
2338	1549574139
2339	1549574140
2340	1549574138
2341	1549574139
2342	1549574139
2343	1549574139
2344	1549574139
2345	1549574139
2346	1549574138
2347	1549574140
2348	1549574139
2349	1549574139
2350	1549574139
2351	1549574140
2352	1549574140
2353	1549574139
2354	1549574140
2355	1549574140
2356	1549574139
2357	1549574141
2358	1549574141
2359	1549574140
2360	1549574140
2361	1549574140
2362	1549574140
2363	1549574139
2364	1549574140
2365	1549574139
2366	1549574140
2367	1549574140
2368	1549574140
2369	1549574139
2370	1549574140
2371	1549574140
2372	1549574139
2373	1549574140
2374	1549574140
2375	1549574140
2376	1549574140
2377	1549574140
2378	1549574140
2379	1549574141
2380	1549574141
2381	1549574141
2382	1549574141
2383	1549574141
2384	1549574141
2385	1549574141
2386	1549574142
2387	1549574141
2388	1549574141
2389	1549574140
2390	1549574141
2391	1549574142
2392	1549574141
2393	1549574141
2394	1549574141
2395	1549574141
2396	1549574141
2397	1549574141
2398	1549574141
2399	1549574141
2400	1549574142
2401	1549574141
2402	1549574140
2403	1549574141
2404	1549574140
2405	1549574141
2406	1549574140
2407	1549574142
2408	1549574142
2409	1549574142
2410	1549574142
2411	1549574142
2412	1549574142
2413	1549574142
2414	1549574142
2415	1549574142
2416	1549574142
2417	1549574142
2418	1549574142
2419	1549574142
2420	1549574142
2421	1549574142
2422	1549574141
2423	1549574143
2424	1549574142
2425	1549574142
2426	1549574142
2427	1549574142
2428	1549574142
2429	1549574143
2430	1549574143
2431	1549574142
2432	1549574142
2433	1549574142
2434	1549574142
2435	1549574143
2436	1549574144
2437	1549574144
2438	1549574143
2439	1549574143
2440	1549574143
2441	1549574143
2442	1549574144
2443	1549574143
2444	1549574142
2445	1549574143
2446	1549574143
2447	1549574143
2448	1549574143
2449	1549574144
2450	1549574143
2451	1549574143
2452	1549574144
2453	1549574144
2454	1549574144
2455	1549574143
2456	1549574143
2457	1549574143
2458	1549574143
2459	1549574143
2460	1549574143
2461	1549574143
2462	1549574142
2463	1549574143
2464	1549574144
2465	1549574144
2466	1549574144
2467	1549574144
2468	1549574143
2469	1549574144
2470	1549574144
2471	1549574144
2472	1549574144
2473	1549574144
2474	1549574144
2475	1549574144
2476	1549574145
2477	1549574144
2478	1549574144
2479	1549574144
2480	1549574143
2481	1549574144
2482	1549574144
2483	1549574144
2484	1549574145
2485	1549574144
2486	1549574144
2487	1549574144
2488	1549574144
2489	1549574144
2490	1549574144
2491	1549574145
2492	1549574144
2493	1549574145
2494	1549574145
2495	1549574145
2496	1549574146
2497	1549574145
2498	1549574145
2499	1549574145
2500	1549574146
2501	1549574145
2502	1549574145
2503	1549574145
2504	1549574145
2505	1549574145
2506	1549574145
2507	1549574145
2508	1549574145
2509	1549574145
2510	1549574146
2511	1549574145
2512	1549574145
2513	1549574145
2514	1549574145
2515	1549574145
2516	1549574145
2517	1549574145
2518	1549574145
2519	1549574146
2520	1549574146
2521	1549574146
2522	1549574146
2523	1549574146
2524	1549574145
2525	1549574145
2526	1549574146
2527	1549574147
2528	1549574146
2529	1549574145
2530	1549574146
2531	1549574147
2532	1549574146
2533	1549574146
2534	1549574146
2535	1549574146
2536	1549574146
2537	1549574146
2538	1549574146
2539	1549574146
2540	1549574146
2541	1549574146
2542	1549574146
2543	1549574146
2544	1549574147
2545	1549574145
2546	1549574146
2547	1549574146
2548	1549574148
2549	1549574147
2550	1549574147
2551	1549574147
2552	1549574147
2553	1549574147
2554	1549574146
2555	1549574147
2556	1549574147
2557	1549574146
2558	1549574147
2559	1549574147
2560	1549574147
2561	1549574148
2562	1549574147
2563	1549574147
2564	1549574147
2565	1549574147
2566	1549574147
2567	1549574147
2568	1549574147
2569	1549574147
2570	1549574147
2571	1549574148
2572	1549574147
2573	1549574147
2574	1549574147
2575	1549574149
2576	1549574148
2577	1549574148
2578	1549574149
2579	1549574147
2580	1549574148
2581	1549574147
2582	1549574149
2583	1549574149
2584	1549574148
2585	1549574148
2586	1549574148
2587	1549574148
2588	1549574147
2589	1549574148
2590	1549574148
2591	1549574148
2592	1549574148
2593	1549574148
2594	1549574149
2595	1549574149
2596	1549574148
2597	1549574148
2598	1549574148
2599	1549574148
2600	1549574148
2601	1549574148
2602	1549574148
2603	1549574149
2604	1549574149
2605	1549574149
2606	1549574150
2607	1549574149
2608	1549574149
2609	1549574149
2610	1549574148
2611	1549574149
2612	1549574149
2613	1549574149
2614	1549574149
2615	1549574149
2616	1549574149
2617	1549574149
2618	1549574148
2619	1549574149
2620	1549574149
2621	1549574150
2622	1549574149
2623	1549574148
2624	1549574149
2625	1549574149
2626	1549574148
2627	1549574148
2628	1549574149
2629	1549574149
2630	1549574149
2631	1549574150
2632	1549574150
2633	1549574150
2634	1549574150
2635	1549574150
2636	1549574151
2637	1549574150
2638	1549574151
2639	1549574149
2640	1549574149
2641	1549574150
2642	1549574150
2643	1549574151
2644	1549574149
2645	1549574150
2646	1549574151
2647	1549574150
2648	1549574150
2649	1549574150
2650	1549574150
2651	1549574150
2652	1549574150
2653	1549574149
2654	1549574151
2655	1549574150
2656	1549574151
2657	1549574150
2658	1549574151
2659	1549574151
2660	1549574152
2661	1549574150
2662	1549574151
2663	1549574151
2664	1549574151
2665	1549574150
2666	1549574151
2667	1549574151
2668	1549574152
2669	1549574151
2670	1549574152
2671	1549574151
2672	1549574150
2673	1549574151
2674	1549574151
2675	1549574151
2676	1549574151
2677	1549574152
2678	1549574151
2679	1549574151
2680	1549574151
2681	1549574152
2682	1549574152
2683	1549574152
2684	1549574151
2685	1549574151
2686	1549574150
2687	1549574151
2688	1549574152
2689	1549574152
2690	1549574153
2691	1549574152
2692	1549574152
2693	1549574152
2694	1549574152
2695	1549574153
2696	1549574151
2697	1549574152
2698	1549574151
2699	1549574153
2700	1549574152
2701	1549574153
2702	1549574152
2703	1549574151
2704	1549574151
2705	1549574152
2706	1549574152
2707	1549574152
2708	1549574152
2709	1549574151
2710	1549574152
2711	1549574152
2712	1549574151
2713	1549574151
2714	1549574151
2715	1549574152
2716	1549574154
2717	1549574153
2718	1549574153
2719	1549574153
2720	1549574152
2721	1549574153
2722	1549574153
2723	1549574153
2724	1549574153
2725	1549574153
2726	1549574152
2727	1549574153
2728	1549574153
2729	1549574153
2730	1549574153
2731	1549574153
2732	1549574153
2733	1549574153
2734	1549574153
2735	1549574154
2736	1549574153
2737	1549574154
2738	1549574153
2739	1549574153
2740	1549574153
2741	1549574153
2742	1549574153
2743	1549574155
2744	1549574155
2745	1549574155
2746	1549574153
2747	1549574154
2748	1549574154
2749	1549574155
2750	1549574154
2751	1549574154
2752	1549574154
2753	1549574154
2754	1549574154
2755	1549574154
2756	1549574153
2757	1549574155
2758	1549574154
2759	1549574154
2760	1549574154
2761	1549574154
2762	1549574153
2763	1549574154
2764	1549574154
2765	1549574153
2766	1549574154
2767	1549574154
2768	1549574154
2769	1549574154
2770	1549574154
2771	1549574155
2772	1549574155
2773	1549574155
2774	1549574155
2775	1549574155
2776	1549574156
2777	1549574154
2778	1549574155
2779	1549574155
2780	1549574154
2781	1549574155
2782	1549574155
2783	1549574155
2784	1549574154
2785	1549574155
2786	1549574155
2787	1549574154
2788	1549574154
2789	1549574155
2790	1549574155
2791	1549574155
2792	1549574155
2793	1549574155
2794	1549574156
2795	1549574155
2796	1549574155
2797	1549574155
2798	1549574155
2799	1549574155
2800	1549574156
2801	1549574156
2802	1549574156
2803	1549574156
2804	1549574156
2805	1549574156
2806	1549574155
2807	1549574157
2808	1549574156
2809	1549574156
2810	1549574157
2811	1549574156
2812	1549574156
2813	1549574157
2814	1549574156
2815	1549574156
2816	1549574156
2817	1549574156
2818	1549574155
2819	1549574156
2820	1549574156
2821	1549574156
2822	1549574156
2823	1549574155
2824	1549574156
2825	1549574156
2826	1549574156
2827	1549574157
2828	1549574157
2829	1549574158
2830	1549574156
2831	1549574158
2832	1549574158
2833	1549574157
2834	1549574158
2835	1549574158
2836	1549574157
2837	1549574156
2838	1549574156
2839	1549574157
2840	1549574157
2841	1549574157
2842	1549574157
2843	1549574156
2844	1549574157
2845	1549574158
2846	1549574157
2847	1549574157
2848	1549574157
2849	1549574157
2850	1549574157
2851	1549574157
2852	1549574157
2853	1549574157
2854	1549574156
2855	1549574158
2856	1549574158
2857	1549574158
2858	1549574158
2859	1549574159
2860	1549574159
2861	1549574158
2862	1549574157
2863	1549574158
2864	1549574157
2865	1549574158
2866	1549574157
2867	1549574158
2868	1549574159
2869	1549574158
2870	1549574157
2871	1549574158
2872	1549574157
2873	1549574158
2874	1549574158
2875	1549574158
2876	1549574158
2877	1549574158
2878	1549574158
2879	1549574159
2880	1549574157
2881	1549574159
2882	1549574158
2883	1549574159
2884	1549574159
2885	1549574160
2886	1549574159
2887	1549574158
2888	1549574159
2889	1549574159
2890	1549574159
2891	1549574159
2892	1549574159
2893	1549574159
2894	1549574159
2895	1549574159
2896	1549574159
2897	1549574159
2898	1549574159
2899	1549574159
2900	1549574160
2901	1549574159
2902	1549574159
2903	1549574158
2904	1549574158
2905	1549574159
2906	1549574159
2907	1549574159
2908	1549574159
2909	1549574159
2910	1549574159
2911	1549574160
2912	1549574161
2913	1549574159
2914	1549574161
2915	1549574160
2916	1549574161
2917	1549574160
2918	1549574160
2919	1549574160
2920	1549574160
2921	1549574160
2922	1549574160
2923	1549574160
2924	1549574160
2925	1549574159
2926	1549574160
2927	1549574160
2928	1549574160
2929	1549574161
2930	1549574160
2931	1549574159
2932	1549574160
2933	1549574160
2934	1549574160
2935	1549574160
2936	1549574160
2937	1549574160
2938	1549574160
2939	1549574161
2940	1549574161
2941	1549574161
2942	1549574161
2943	1549574160
2944	1549574161
2945	1549574161
2946	1549574161
2947	1549574161
2948	1549574161
2949	1549574161
2950	1549574161
2951	1549574161
2952	1549574161
2953	1549574161
2954	1549574162
2955	1549574161
2956	1549574161
2957	1549574160
2958	1549574162
2959	1549574161
2960	1549574161
2961	1549574161
2962	1549574161
2963	1549574161
2964	1549574161
2965	1549574161
2966	1549574161
2967	1549574163
2968	1549574163
2969	1549574163
2970	1549574162
2971	1549574162
2972	1549574163
2973	1549574161
2974	1549574162
2975	1549574162
2976	1549574162
2977	1549574163
2978	1549574162
2979	1549574162
2980	1549574161
2981	1549574162
2982	1549574162
2983	1549574162
2984	1549574161
2985	1549574162
2986	1549574162
2987	1549574162
2988	1549574162
2989	1549574162
2990	1549574162
2991	1549574163
2992	1549574162
2993	1549574162
2994	1549574162
2995	1549574163
2996	1549574163
2997	1549574163
2998	1549574163
2999	1549574162
3000	1549574163
3001	1549574162
3002	1549574164
3003	1549574164
3004	1549574162
3005	1549574162
3006	1549574163
3007	1549574163
3008	1549574163
3009	1549574162
3010	1549574163
3011	1549574163
3012	1549574164
3013	1549574163
3014	1549574163
3015	1549574163
3016	1549574163
3017	1549574163
3018	1549574163
3019	1549574163
3020	1549574163
3021	1549574163
3022	1549574162
3023	1549574165
3024	1549574165
3025	1549574165
3026	1549574163
3027	1549574163
3028	1549574163
3029	1549574165
3030	1549574163
3031	1549574164
3032	1549574163
3033	1549574163
3034	1549574164
3035	1549574164
3036	1549574164
3037	1549574164
3038	1549574163
3039	1549574163
3040	1549574163
3041	1549574164
3042	1549574164
3043	1549574164
3044	1549574164
3045	1549574164
3046	1549574163
3047	1549574164
3048	1549574163
3049	1549574164
3050	1549574164
3051	1549574165
3052	1549574165
3053	1549574166
3054	1549574165
3055	1549574165
3056	1549574165
3057	1549574165
3058	1549574165
3059	1549574165
3060	1549574165
3061	1549574165
3062	1549574165
3063	1549574164
3064	1549574165
3065	1549574164
3066	1549574165
3067	1549574165
3068	1549574165
3069	1549574166
3070	1549574165
3071	1549574165
3072	1549574165
3073	1549574166
3074	1549574165
3075	1549574165
3076	1549574165
3077	1549574166
3078	1549574165
3079	1549574166
3080	1549574167
3081	1549574165
3082	1549574166
3083	1549574167
3084	1549574166
3085	1549574166
3086	1549574166
3087	1549574166
3088	1549574166
3089	1549574166
3090	1549574166
3091	1549574165
3092	1549574165
3093	1549574165
3094	1549574166
3095	1549574166
3096	1549574166
3097	1549574166
3098	1549574166
3099	1549574166
3100	1549574165
3101	1549574165
3102	1549574165
3103	1549574166
3104	1549574166
3105	1549574166
3106	1549574166
3107	1549574166
3108	1549574167
3109	1549574167
3110	1549574168
3111	1549574167
3112	1549574167
3113	1549574167
3114	1549574167
3115	1549574168
3116	1549574167
3117	1549574167
3118	1549574166
3119	1549574167
3120	1549574167
3121	1549574168
3122	1549574166
3123	1549574167
3124	1549574168
3125	1549574167
3126	1549574167
3127	1549574167
3128	1549574167
3129	1549574167
3130	1549574168
3131	1549574167
3132	1549574168
3133	1549574168
3134	1549574167
3135	1549574169
3136	1549574168
3137	1549574168
3138	1549574168
3139	1549574169
3140	1549574169
3141	1549574169
3142	1549574168
3143	1549574168
3144	1549574168
3145	1549574168
3146	1549574168
3147	1549574167
3148	1549574168
3149	1549574168
3150	1549574169
3151	1549574168
3152	1549574167
3153	1549574168
3154	1549574168
3155	1549574168
3156	1549574168
3157	1549574168
3158	1549574169
3159	1549574169
3160	1549574168
3161	1549574169
3162	1549574167
3163	1549574169
3164	1549574170
3165	1549574170
3166	1549574169
3167	1549574169
3168	1549574168
3169	1549574169
3170	1549574169
3171	1549574169
3172	1549574168
3173	1549574169
3174	1549574169
3175	1549574169
3176	1549574169
3177	1549574168
3178	1549574168
3179	1549574169
3180	1549574169
3181	1549574168
3182	1549574169
3183	1549574170
3184	1549574169
3185	1549574170
3186	1549574169
3187	1549574168
3188	1549574169
3189	1549574170
3190	1549574170
3191	1549574170
3192	1549574171
3193	1549574170
3194	1549574169
3195	1549574169
3196	1549574171
3197	1549574169
3198	1549574170
3199	1549574170
3200	1549574171
3201	1549574170
3202	1549574170
3203	1549574169
3204	1549574171
3205	1549574170
3206	1549574170
3207	1549574170
3208	1549574169
3209	1549574170
3210	1549574170
3211	1549574170
3212	1549574170
3213	1549574169
3214	1549574170
3215	1549574170
3216	1549574169
3217	1549574170
3218	1549574171
3219	1549574170
3220	1549574171
3221	1549574171
3222	1549574171
3223	1549574171
3224	1549574171
3225	1549574171
3226	1549574171
3227	1549574171
3228	1549574171
3229	1549574172
3230	1549574170
3231	1549574172
3232	1549574171
3233	1549574171
3234	1549574171
3235	1549574171
3236	1549574171
3237	1549574171
3238	1549574171
3239	1549574171
3240	1549574171
3241	1549574171
3242	1549574171
3243	1549574172
3244	1549574170
3245	1549574172
3246	1549574172
3247	1549574173
3248	1549574172
3249	1549574173
3250	1549574172
3251	1549574171
3252	1549574172
3253	1549574173
3254	1549574172
3255	1549574172
3256	1549574171
3257	1549574171
3258	1549574172
3259	1549574172
3260	1549574173
3261	1549574172
3262	1549574173
3263	1549574171
3264	1549574172
3265	1549574172
3266	1549574172
3267	1549574172
3268	1549574172
3269	1549574172
3270	1549574171
3271	1549574172
3272	1549574172
3273	1549574172
3274	1549574172
3275	1549574173
3276	1549574172
3277	1549574174
3278	1549574173
3279	1549574173
3280	1549574172
3281	1549574173
3282	1549574172
3283	1549574173
3284	1549574174
3285	1549574173
3286	1549574172
3287	1549574173
3288	1549574173
3289	1549574173
3290	1549574173
3291	1549574173
3292	1549574172
3293	1549574173
3294	1549574173
3295	1549574173
3296	1549574174
3297	1549574173
3298	1549574173
3299	1549574174
3300	1549574172
3301	1549574172
3302	1549574173
3303	1549574175
3304	1549574174
3305	1549574174
3306	1549574174
3307	1549574174
3308	1549574174
3309	1549574174
3310	1549574173
3311	1549574173
3312	1549574174
3313	1549574174
3314	1549574174
3315	1549574173
3316	1549574174
3317	1549574173
3318	1549574174
3319	1549574174
3320	1549574173
3321	1549574174
3322	1549574175
3323	1549574174
3324	1549574175
3325	1549574174
3326	1549574174
3327	1549574175
3328	1549574174
3329	1549574174
3330	1549574175
3331	1549574175
3332	1549574175
3333	1549574175
3334	1549574175
3335	1549574175
3336	1549574174
3337	1549574175
3338	1549574174
3339	1549574175
3340	1549574175
3341	1549574176
3342	1549574174
3343	1549574175
3344	1549574175
3345	1549574175
3346	1549574175
3347	1549574174
3348	1549574175
3349	1549574175
3350	1549574175
3351	1549574175
3352	1549574175
3353	1549574175
3354	1549574174
3355	1549574175
3356	1549574175
3357	1549574174
3358	1549574174
3359	1549574176
3360	1549574175
3361	1549574176
3362	1549574176
3363	1549574177
3364	1549574176
3365	1549574176
3366	1549574176
3367	1549574176
3368	1549574176
3369	1549574175
3370	1549574175
3371	1549574176
3372	1549574177
3373	1549574176
3374	1549574176
3375	1549574175
3376	1549574177
3377	1549574176
3378	1549574176
3379	1549574176
3380	1549574176
3381	1549574176
3382	1549574176
3383	1549574176
3384	1549574175
3385	1549574175
3386	1549574176
3387	1549574178
3388	1549574177
3389	1549574177
3390	1549574177
3391	1549574177
3392	1549574178
3393	1549574177
3394	1549574177
3395	1549574177
3396	1549574177
3397	1549574178
3398	1549574177
3399	1549574178
3400	1549574177
3401	1549574178
3402	1549574178
3403	1549574177
3404	1549574178
3405	1549574176
3406	1549574177
3407	1549574177
3408	1549574178
3409	1549574177
3410	1549574177
3411	1549574178
3412	1549574177
3413	1549574176
3414	1549574176
3415	1549574178
3416	1549574178
3417	1549574178
3418	1549574179
3419	1549574178
3420	1549574177
3421	1549574178
3422	1549574179
3423	1549574178
3424	1549574178
3425	1549574178
3426	1549574177
3427	1549574178
3428	1549574178
3429	1549574178
3430	1549574178
3431	1549574178
3432	1549574177
3433	1549574178
3434	1549574178
3435	1549574177
3436	1549574178
3437	1549574178
3438	1549574178
3439	1549574178
3440	1549574178
3441	1549574178
3442	1549574178
3443	1549574179
3444	1549574179
3445	1549574180
3446	1549574180
3447	1549574178
3448	1549574180
3449	1549574179
3450	1549574179
3451	1549574180
3452	1549574178
3453	1549574179
3454	1549574178
3455	1549574179
3456	1549574179
3457	1549574179
3458	1549574180
3459	1549574179
3460	1549574179
3461	1549574179
3462	1549574179
3463	1549574179
3464	1549574179
3465	1549574179
3466	1549574179
3467	1549574178
3468	1549574179
3469	1549574179
3470	1549574179
3471	1549574181
3472	1549574180
3473	1549574179
3474	1549574179
3475	1549574180
3476	1549574181
3477	1549574180
3478	1549574180
3479	1549574179
3480	1549574180
3481	1549574180
3482	1549574179
3483	1549574180
3484	1549574181
3485	1549574180
3486	1549574180
3487	1549574180
3488	1549574179
3489	1549574180
3490	1549574180
3491	1549574180
3492	1549574180
3493	1549574180
3494	1549574179
3495	1549574181
3496	1549574181
3497	1549574180
3498	1549574180
3499	1549574181
3500	1549574181
3501	1549574181
3502	1549574181
3503	1549574181
3504	1549574180
3505	1549574181
3506	1549574180
3507	1549574181
3508	1549574180
3509	1549574180
3510	1549574181
3511	1549574181
3512	1549574181
3513	1549574181
3514	1549574181
3515	1549574181
3516	1549574182
3517	1549574181
3518	1549574181
3519	1549574181
3520	1549574181
3521	1549574181
3522	1549574181
3523	1549574181
3524	1549574181
3525	1549574181
3526	1549574181
3527	1549574182
3528	1549574181
3529	1549574182
3530	1549574183
3531	1549574183
3532	1549574182
3533	1549574181
3534	1549574182
3535	1549574182
3536	1549574182
3537	1549574182
3538	1549574182
3539	1549574182
3540	1549574182
3541	1549574182
3542	1549574182
3543	1549574182
3544	1549574182
3545	1549574182
3546	1549574182
3547	1549574181
3548	1549574182
3549	1549574182
3550	1549574182
3551	1549574182
3552	1549574182
3553	1549574183
3554	1549574182
3555	1549574184
3556	1549574182
3557	1549574183
3558	1549574182
3559	1549574183
3560	1549574183
3561	1549574183
3562	1549574182
3563	1549574184
3564	1549574183
3565	1549574182
3566	1549574183
3567	1549574183
3568	1549574184
3569	1549574183
3570	1549574184
3571	1549574182
3572	1549574184
3573	1549574184
3574	1549574182
3575	1549574184
3576	1549574182
3577	1549574182
3578	1549574184
3579	1549574183
3580	1549574183
3581	1549574183
3582	1549574182
3583	1549574183
3584	1549574184
3585	1549574184
3586	1549574184
3587	1549574184
3588	1549574184
3589	1549574184
3590	1549574185
3591	1549574184
3592	1549574184
3593	1549574184
3594	1549574184
3595	1549574183
3596	1549574184
3597	1549574184
3598	1549574184
3599	1549574184
3600	1549574184
3601	1549574184
3602	1549574184
3603	1549574183
3604	1549574184
3605	1549574184
3606	1549574184
3607	1549574183
3608	1549574183
3609	1549574185
3610	1549574184
3611	1549574185
3612	1549574186
3613	1549574185
3614	1549574185
3615	1549574185
3616	1549574186
3617	1549574185
3618	1549574184
3619	1549574185
3620	1549574185
3621	1549574184
3622	1549574185
3623	1549574186
3624	1549574185
3625	1549574185
3626	1549574185
3627	1549574185
3628	1549574185
3629	1549574184
3630	1549574185
3631	1549574184
3632	1549574184
3633	1549574185
3634	1549574186
3635	1549574185
3636	1549574185
3637	1549574185
3638	1549574185
3639	1549574186
3640	1549574185
3641	1549574185
3642	1549574186
3643	1549574185
3644	1549574187
3645	1549574187
3646	1549574186
3647	1549574186
3648	1549574186
3649	1549574186
3650	1549574186
3651	1549574186
3652	1549574186
3653	1549574185
3654	1549574186
3655	1549574185
3656	1549574186
3657	1549574185
3658	1549574186
3659	1549574186
3660	1549574186
3661	1549574186
3662	1549574186
3663	1549574186
3664	1549574186
3665	1549574186
3666	1549574186
3667	1549574187
3668	1549574188
3669	1549574188
3670	1549574187
3671	1549574187
3672	1549574187
3673	1549574186
3674	1549574186
3675	1549574188
3676	1549574187
3677	1549574188
3678	1549574187
3679	1549574187
3680	1549574187
3681	1549574187
3682	1549574187
3683	1549574186
3684	1549574187
3685	1549574188
3686	1549574186
3687	1549574187
3688	1549574187
3689	1549574187
3690	1549574188
3691	1549574187
3692	1549574188
3693	1549574188
3694	1549574186
3695	1549574187
3696	1549574188
3697	1549574189
3698	1549574188
3699	1549574188
3700	1549574189
3701	1549574188
3702	1549574187
3703	1549574188
3704	1549574188
3705	1549574188
3706	1549574188
3707	1549574189
3708	1549574188
3709	1549574188
3710	1549574188
3711	1549574187
3712	1549574188
3713	1549574188
3714	1549574187
3715	1549574187
3716	1549574187
3717	1549574188
3718	1549574188
3719	1549574189
3720	1549574188
3721	1549574188
3722	1549574188
3723	1549574189
3724	1549574189
3725	1549574190
3726	1549574189
3727	1549574189
3728	1549574189
3729	1549574189
3730	1549574188
3731	1549574189
3732	1549574190
3733	1549574189
3734	1549574189
3735	1549574189
3736	1549574189
3737	1549574190
3738	1549574189
3739	1549574189
3740	1549574188
3741	1549574190
3742	1549574189
3743	1549574189
3744	1549574188
3745	1549574189
3746	1549574189
3747	1549574188
3748	1549574190
3749	1549574188
3750	1549574189
3751	1549574190
3752	1549574191
3753	1549574190
3754	1549574189
3755	1549574191
3756	1549574190
3757	1549574190
3758	1549574190
3759	1549574191
3760	1549574190
3761	1549574191
3762	1549574190
3763	1549574190
3764	1549574190
3765	1549574190
3766	1549574190
3767	1549574189
3768	1549574190
3769	1549574191
3770	1549574190
3771	1549574191
3772	1549574191
3773	1549574190
3774	1549574190
3775	1549574190
3776	1549574190
3777	1549574189
3778	1549574190
3779	1549574191
3780	1549574192
3781	1549574191
3782	1549574192
3783	1549574192
3784	1549574191
3785	1549574191
3786	1549574191
3787	1549574191
3788	1549574191
3789	1549574191
3790	1549574191
3791	1549574191
3792	1549574191
3793	1549574191
3794	1549574191
3795	1549574190
3796	1549574191
3797	1549574191
3798	1549574191
3799	1549574191
3800	1549574190
3801	1549574191
3802	1549574191
3803	1549574190
3804	1549574190
3805	1549574191
3806	1549574191
3807	1549574192
3808	1549574192
3809	1549574193
3810	1549574192
3811	1549574192
3812	1549574192
3813	1549574193
3814	1549574192
3815	1549574192
3816	1549574192
3817	1549574191
3818	1549574192
3819	1549574192
3820	1549574193
3821	1549574193
3822	1549574191
3823	1549574193
3824	1549574192
3825	1549574192
3826	1549574191
3827	1549574192
3828	1549574192
3829	1549574192
3830	1549574193
3831	1549574192
3832	1549574192
3833	1549574192
3834	1549574193
3835	1549574193
3836	1549574193
3837	1549574192
3838	1549574193
3839	1549574193
3840	1549574193
3841	1549574193
3842	1549574194
3843	1549574193
3844	1549574193
3845	1549574193
3846	1549574194
3847	1549574193
3848	1549574192
3849	1549574193
3850	1549574193
3851	1549574192
3852	1549574193
3853	1549574193
3854	1549574193
3855	1549574193
3856	1549574193
3857	1549574194
3858	1549574193
3859	1549574193
3860	1549574193
3861	1549574193
3862	1549574193
3863	1549574193
3864	1549574195
3865	1549574194
3866	1549574195
3867	1549574194
3868	1549574194
3869	1549574193
3870	1549574194
3871	1549574195
3872	1549574193
3873	1549574194
3874	1549574195
3875	1549574195
3876	1549574194
3877	1549574195
3878	1549574194
3879	1549574194
3880	1549574194
3881	1549574193
3882	1549574193
3883	1549574194
3884	1549574194
3885	1549574194
3886	1549574194
3887	1549574194
3888	1549574194
3889	1549574195
3890	1549574194
3891	1549574195
3892	1549574194
3893	1549574195
3894	1549574194
3895	1549574195
3896	1549574195
3897	1549574196
3898	1549574195
3899	1549574195
3900	1549574194
3901	1549574194
3902	1549574196
3903	1549574195
3904	1549574195
3905	1549574196
3906	1549574196
3907	1549574195
3908	1549574196
3909	1549574195
3910	1549574195
3911	1549574195
3912	1549574195
3913	1549574195
3914	1549574195
3915	1549574195
3916	1549574195
3917	1549574195
3918	1549574195
3919	1549574196
3920	1549574196
3921	1549574197
3922	1549574196
3923	1549574196
3924	1549574196
3925	1549574197
3926	1549574196
3927	1549574196
3928	1549574196
3929	1549574197
3930	1549574196
3931	1549574196
3932	1549574196
3933	1549574196
3934	1549574196
3935	1549574195
3936	1549574196
3937	1549574195
3938	1549574196
3939	1549574196
3940	1549574196
3941	1549574196
3942	1549574196
3943	1549574196
3944	1549574196
3945	1549574196
3946	1549574195
3947	1549574198
3948	1549574197
3949	1549574197
3950	1549574197
3951	1549574198
3952	1549574197
3953	1549574196
3954	1549574197
3955	1549574196
3956	1549574197
3957	1549574197
3958	1549574198
3959	1549574196
3960	1549574197
3961	1549574197
3962	1549574197
3963	1549574197
3964	1549574197
3965	1549574197
3966	1549574196
3967	1549574196
3968	1549574197
3969	1549574198
3970	1549574197
3971	1549574198
3972	1549574197
3973	1549574198
3974	1549574197
3975	1549574197
3976	1549574198
3977	1549574198
3978	1549574197
3979	1549574199
3980	1549574197
3981	1549574199
3982	1549574198
3983	1549574198
3984	1549574198
3985	1549574199
3986	1549574198
3987	1549574198
3988	1549574198
3989	1549574198
3990	1549574198
3991	1549574198
3992	1549574198
3993	1549574199
3994	1549574198
3995	1549574198
3996	1549574199
3997	1549574198
3998	1549574198
3999	1549574199
4000	1549574199
4001	1549574199
4002	1549574198
4003	1549574199
4004	1549574198
4005	1549574199
4006	1549574200
4007	1549574198
4008	1549574200
4009	1549574200
4010	1549574199
4011	1549574198
4012	1549574199
4013	1549574200
4014	1549574199
4015	1549574199
4016	1549574200
4017	1549574198
4018	1549574199
4019	1549574199
4020	1549574199
4021	1549574198
4022	1549574199
4023	1549574200
4024	1549574199
4025	1549574198
4026	1549574198
4027	1549574199
4028	1549574199
4029	1549574199
4030	1549574199
4031	1549574200
4032	1549574200
4033	1549574200
4034	1549574200
4035	1549574201
4036	1549574200
4037	1549574200
4038	1549574200
4039	1549574199
4040	1549574199
4041	1549574200
4042	1549574201
4043	1549574200
4044	1549574200
4045	1549574200
4046	1549574200
4047	1549574201
4048	1549574200
4049	1549574201
4050	1549574199
4051	1549574200
4052	1549574199
4053	1549574201
4054	1549574200
4055	1549574200
4056	1549574201
4057	1549574200
4058	1549574200
4059	1549574201
4060	1549574201
4061	1549574202
4062	1549574201
4063	1549574202
4064	1549574200
4065	1549574201
4066	1549574201
4067	1549574200
4068	1549574201
4069	1549574201
4070	1549574201
4071	1549574201
4072	1549574201
4073	1549574201
4074	1549574201
4075	1549574201
4076	1549574202
4077	1549574201
4078	1549574201
4079	1549574201
4080	1549574201
4081	1549574202
4082	1549574201
4083	1549574201
4084	1549574201
4085	1549574201
4086	1549574201
4087	1549574203
4088	1549574202
4089	1549574203
4090	1549574203
4091	1549574203
4092	1549574202
4093	1549574203
4094	1549574202
4095	1549574203
4096	1549574202
4097	1549574202
4098	1549574202
4099	1549574203
4100	1549574202
4101	1549574202
4102	1549574202
4103	1549574202
4104	1549574201
4105	1549574202
4106	1549574201
4107	1549574202
4108	1549574201
4109	1549574202
4110	1549574202
4111	1549574201
4112	1549574202
4113	1549574202
4114	1549574202
4115	1549574203
4116	1549574203
4117	1549574202
4118	1549574203
4119	1549574203
4120	1549574203
4121	1549574203
4122	1549574202
4123	1549574203
4124	1549574203
4125	1549574202
4126	1549574203
4127	1549574203
4128	1549574203
4129	1549574203
4130	1549574202
4131	1549574203
4132	1549574202
4133	1549574203
4134	1549574202
4135	1549574203
4136	1549574203
4137	1549574203
4138	1549574203
4139	1549574203
4140	1549574202
4141	1549574203
4142	1549574203
4143	1549574204
4144	1549574203
4145	1549574204
4146	1549574204
4147	1549574205
4148	1549574203
4149	1549574204
4150	1549574204
4151	1549574204
4152	1549574204
4153	1549574205
4154	1549574204
4155	1549574203
4156	1549574204
4157	1549574204
4158	1549574204
4159	1549574204
4160	1549574204
4161	1549574205
4162	1549574204
4163	1549574204
4164	1549574203
4165	1549574204
4166	1549574205
4167	1549574204
4168	1549574204
4169	1549574204
4170	1549574203
4171	1549574205
4172	1549574206
4173	1549574205
4174	1549574206
4175	1549574205
4176	1549574205
4177	1549574205
4178	1549574205
4179	1549574205
4180	1549574204
4181	1549574205
4182	1549574206
4183	1549574206
4184	1549574206
4185	1549574205
4186	1549574206
4187	1549574204
4188	1549574205
4189	1549574205
4190	1549574205
4191	1549574206
4192	1549574206
4193	1549574205
4194	1549574205
4195	1549574204
4196	1549574205
4197	1549574206
4198	1549574205
4199	1549574206
4200	1549574206
4201	1549574206
4202	1549574206
4203	1549574207
4204	1549574206
4205	1549574206
4206	1549574207
4207	1549574206
4208	1549574206
4209	1549574205
4210	1549574206
4211	1549574206
4212	1549574206
4213	1549574206
4214	1549574206
4215	1549574206
4216	1549574206
4217	1549574206
4218	1549574206
4219	1549574207
4220	1549574205
4221	1549574205
4222	1549574206
4223	1549574207
4224	1549574206
4225	1549574206
4226	1549574206
4227	1549574206
4228	1549574207
4229	1549574206
4230	1549574207
4231	1549574207
4232	1549574207
4233	1549574207
4234	1549574208
4235	1549574206
4236	1549574208
4237	1549574207
4238	1549574207
4239	1549574208
4240	1549574206
4241	1549574207
4242	1549574207
4243	1549574207
4244	1549574207
4245	1549574207
4246	1549574207
4247	1549574207
4248	1549574207
4249	1549574206
4250	1549574208
4251	1549574208
4252	1549574207
4253	1549574208
4254	1549574207
4255	1549574208
4256	1549574208
4257	1549574208
4258	1549574208
4259	1549574209
4260	1549574208
4261	1549574208
4262	1549574208
4263	1549574208
4264	1549574208
4265	1549574208
4266	1549574208
4267	1549574208
4268	1549574207
4269	1549574208
4270	1549574208
4271	1549574208
4272	1549574208
4273	1549574207
4274	1549574208
4275	1549574207
4276	1549574209
4277	1549574208
4278	1549574207
4279	1549574208
4280	1549574208
4281	1549574208
4282	1549574208
4283	1549574209
4284	1549574209
4285	1549574209
4286	1549574208
4287	1549574209
4288	1549574209
4289	1549574209
4290	1549574209
4291	1549574209
4292	1549574208
4293	1549574209
4294	1549574209
4295	1549574209
4296	1549574209
4297	1549574209
4298	1549574209
4299	1549574209
4300	1549574209
4301	1549574209
4302	1549574209
4303	1549574209
4304	1549574209
4305	1549574210
4306	1549574208
4307	1549574210
4308	1549574209
4309	1549574209
4310	1549574209
4311	1549574210
4312	1549574209
4313	1549574210
4314	1549574210
4315	1549574210
4316	1549574210
4317	1549574210
4318	1549574209
4319	1549574210
4320	1549574211
4321	1549574210
4322	1549574210
4323	1549574210
4324	1549574210
4325	1549574210
4326	1549574209
4327	1549574210
4328	1549574211
4329	1549574209
4330	1549574210
4331	1549574211
4332	1549574211
4333	1549574210
4334	1549574210
4335	1549574210
4336	1549574210
4337	1549574211
4338	1549574211
4339	1549574211
4340	1549574211
4341	1549574211
4342	1549574210
4343	1549574211
4344	1549574211
4345	1549574212
4346	1549574210
4347	1549574211
4348	1549574211
4349	1549574211
4350	1549574211
4351	1549574212
4352	1549574211
4353	1549574211
4354	1549574211
4355	1549574211
4356	1549574211
4357	1549574211
4358	1549574211
4359	1549574212
4360	1549574211
4361	1549574212
4362	1549574211
4363	1549574211
4364	1549574211
4365	1549574212
4366	1549574211
4367	1549574212
4368	1549574212
4369	1549574211
4370	1549574212
4371	1549574212
4372	1549574213
4373	1549574212
4374	1549574212
4375	1549574212
4376	1549574213
4377	1549574212
4378	1549574212
4379	1549574211
4380	1549574213
4381	1549574212
4382	1549574213
4383	1549574212
4384	1549574212
4385	1549574213
4386	1549574213
4387	1549574211
4388	1549574212
4389	1549574211
4390	1549574212
4391	1549574213
4392	1549574212
4393	1549574211
4394	1549574211
4395	1549574213
4396	1549574214
4397	1549574213
4398	1549574214
4399	1549574213
4400	1549574213
4401	1549574213
4402	1549574213
4403	1549574213
4404	1549574213
4405	1549574214
4406	1549574213
4407	1549574213
4408	1549574213
4409	1549574213
4410	1549574213
4411	1549574214
4412	1549574213
4413	1549574213
4414	1549574213
4415	1549574213
4416	1549574213
4417	1549574213
4418	1549574213
4419	1549574213
4420	1549574213
4421	1549574213
4422	1549574212
4423	1549574214
4424	1549574213
4425	1549574214
4426	1549574214
4427	1549574215
4428	1549574214
4429	1549574213
4430	1549574215
4431	1549574214
4432	1549574214
4433	1549574214
4434	1549574214
4435	1549574213
4436	1549574214
4437	1549574214
4438	1549574215
4439	1549574214
4440	1549574213
4441	1549574214
4442	1549574214
4443	1549574214
4444	1549574214
4445	1549574213
4446	1549574214
4447	1549574213
4448	1549574215
4449	1549574214
4450	1549574214
4451	1549574215
4452	1549574215
4453	1549574215
4454	1549574216
4455	1549574215
4456	1549574215
4457	1549574215
4458	1549574216
4459	1549574215
4460	1549574216
4461	1549574215
4462	1549574215
4463	1549574215
4464	1549574215
4465	1549574215
4466	1549574214
4467	1549574215
4468	1549574216
4469	1549574215
4470	1549574215
4471	1549574215
4472	1549574214
4473	1549574216
4474	1549574216
4475	1549574215
4476	1549574215
4477	1549574215
4478	1549574215
4479	1549574216
4480	1549574217
4481	1549574216
4482	1549574215
4483	1549574216
4484	1549574216
4485	1549574216
4486	1549574217
4487	1549574217
4488	1549574216
4489	1549574217
4490	1549574216
4491	1549574216
4492	1549574216
4493	1549574217
4494	1549574216
4495	1549574216
4496	1549574215
4497	1549574215
4498	1549574216
4499	1549574216
4500	1549574216
4501	1549574217
4502	1549574216
4503	1549574216
4504	1549574217
4505	1549574216
4506	1549574216
4507	1549574217
4508	1549574218
4509	1549574216
4510	1549574217
4511	1549574217
4512	1549574218
4513	1549574216
4514	1549574217
4515	1549574217
4516	1549574217
4517	1549574217
4518	1549574218
4519	1549574217
4520	1549574217
4521	1549574217
4522	1549574217
4523	1549574218
4524	1549574217
4525	1549574216
4526	1549574217
4527	1549574217
4528	1549574218
4529	1549574217
4530	1549574217
4531	1549574218
4532	1549574218
4533	1549574218
4534	1549574217
4535	1549574219
4536	1549574218
4537	1549574218
4538	1549574218
4539	1549574218
4540	1549574217
4541	1549574218
4542	1549574218
4543	1549574218
4544	1549574218
4545	1549574219
4546	1549574218
4547	1549574218
4548	1549574217
4549	1549574218
4550	1549574217
4551	1549574218
4552	1549574218
4553	1549574218
4554	1549574218
4555	1549574218
4556	1549574218
4557	1549574219
4558	1549574218
4559	1549574218
4560	1549574218
4561	1549574218
4562	1549574218
4563	1549574220
4564	1549574219
4565	1549574218
4566	1549574219
4567	1549574220
4568	1549574218
4569	1549574219
4570	1549574219
4571	1549574220
4572	1549574219
4573	1549574219
4574	1549574219
4575	1549574218
4576	1549574219
4577	1549574219
4578	1549574219
4579	1549574220
4580	1549574219
4581	1549574220
4582	1549574219
4583	1549574219
4584	1549574219
4585	1549574218
4586	1549574220
4587	1549574219
4588	1549574219
4589	1549574219
4590	1549574218
4591	1549574220
4592	1549574220
4593	1549574222
4594	1549574221
4595	1549574222
4596	1549574222
4597	1549574223
4598	1549574224
4599	1549574224
4600	1549574224
4601	1549574224
4602	1549574224
4603	1549574226
4604	1549574225
4605	1549574227
4606	1549574227
4607	1549574228
4608	1549574228
4609	1549574229
4610	1549574229
4611	1549574231
4612	1549574230
4613	1549574230
4614	1549574231
4615	1549574232
4616	1549574232
4617	1549574233
4618	1549574234
4619	1549574233
4620	1549574235
4621	1549574235
4622	1549574235
4623	1549574236
4624	1549574235
4625	1549574236
4626	1549574237
4627	1549574238
4628	1549574238
4629	1549574240
4630	1549574238
4631	1549574240
4632	1549574239
4633	1549574241
4634	1549574241
4635	1549574241
4636	1549574243
4637	1549574244
4638	1549574243
4639	1549574244
4640	1549574244
4641	1549574245
4642	1549574245
4643	1549574246
4644	1549574246
4645	1549574247
4646	1549574247
4647	1549574248
4648	1549574248
4649	1549574249
4650	1549574248
4651	1549574250
4652	1549574251
4653	1549574252
4654	1549574251
4655	1549574252
4656	1549574252
4657	1549574252
4658	1549574253
4659	1549574254
4660	1549574255
4661	1549574255
4662	1549574255
4663	1549574255
4664	1549574256
4665	1549574256
4666	1549574257
4667	1549574259
4668	1549574258
4669	1549574260
4670	1549574260
4671	1549574260
4672	1549574259
4673	1549574260
4674	1549574261
4675	1549574262
4676	1549574262
4677	1549574264
4678	1549574264
4679	1549574264
4680	1549574263
4681	1549574264
4682	1549574264
4683	1549574266
4684	1549574267
4685	1549574267
4686	1549574267
4687	1549574268
4688	1549574268
4689	1549574269
4690	1549574268
4691	1549574269
4692	1549574270
4693	1549574271
4694	1549574270
4695	1549574272
4696	1549574273
4697	1549574272
4698	1549574272
4699	1549574274
4700	1549574274
4701	1549574275
4702	1549574276
4703	1549574275
4704	1549574277
4705	1549574277
4706	1549574276
4707	1549574277
4708	1549574277
4709	1549574279
4710	1549574279
4711	1549574280
4712	1549574280
4713	1549574281
4714	1549574281
4715	1549574282
4716	1549574282
4717	1549574283
4718	1549574282
4719	1549574284
4720	1549574284
4721	1549574286
4722	1549574285
4723	1549574286
4724	1549574286
4725	1549574288
4726	1549574287
4727	1549574289
4728	1549574289
4729	1549574289
4730	1549574289
4731	1549574290
4732	1549574291
4733	1549574291
4734	1549574291
4735	1549574291
4736	1549574292
4737	1549574293
4738	1549574293
4739	1549574294
4740	1549574293
4741	1549574296
4742	1549574294
4743	1549574296
4744	1549574296
4745	1549574297
4746	1549574297
4747	1549574298
4748	1549574297
4749	1549574299
4750	1549574299
4751	1549574300
4752	1549574301
4753	1549574301
4754	1549574301
4755	1549574301
4756	1549574302
4757	1549574303
4758	1549574303
4759	1549574304
4760	1549574304
4761	1549574305
4762	1549574306
4763	1549574306
4764	1549574306
4765	1549574306
4766	1549574306
4767	1549574308
4768	1549574309
4769	1549574309
4770	1549574310
4771	1549574311
4772	1549574310
4773	1549574310
4774	1549574310
4775	1549574312
4776	1549574312
4777	1549574313
4778	1549574314
4779	1549574314
4780	1549574314
4781	1549574316
4782	1549574315
4783	1549574317
4784	1549574316
4785	1549574317
4786	1549574316
4787	1549574318
4788	1549574319
4789	1549574319
4790	1549574319
4791	1549574320
4792	1549574319
4793	1549574321
4794	1549574321
4795	1549574322
4796	1549574322
4797	1549574323
4798	1549574324
4799	1549574324
4800	1549574325
4801	1549574325
4802	1549574325
4803	1549574327
4804	1549574327
4805	1549574326
4806	1549574327
4807	1549574328
4808	1549574328
4809	1549574329
4810	1549574328
4811	1549574330
4812	1549574330
4813	1549574330
4814	1549574332
4815	1549574332
4816	1549574333
4817	1549574334
4818	1549574334
4819	1549574334
4820	1549574335
4821	1549574336
4822	1549574335
4823	1549574336
4824	1549574336
4825	1549574336
4826	1549574337
4827	1549574338
4828	1549574338
4829	1549574338
4830	1549574340
